%YAML:1.0
---
mtx: !!opencv-matrix
   rows: 3
   cols: 3
   dt: d
#   data: [ 1., 0., 0., 0.,
#       0., 1., 0., 0., 1. ]
   data: [619.9338989257812, 0.0, 316.5697937011719, 0.0,
       619.333984375, 238.0086212158203, 0.0, 0.0, 1.0]

dist: !!opencv-matrix
   rows: 1
   cols: 5
   dt: d
   data: [ 0., 0.,
       0., 0.,
       0. ]
error: 4.6166852835881247e-02
rateLost0: 1
rateTracking1: 1
markerLength: 0.2
imgScale: 1
imgTopic: "/camera/color/image_raw"
